1599917820796545987
1599917820946549187
1599917821093552323
1599917821258555843
1599917821414559171
1599917821558562243
1599917821732565955
1599917821903569603
1599917822074573251
1599917822245576899
1599917822398580163
1599917822569583811
1599917822743587523
1599917822905590979
1599917823079594691
1599917823253598403
1599917823427602115
1599917823580605379
1599917823733608643
1599917823889611971
1599917824060615619
1599917824237619395
1599917824387622595
1599917824564626371
1599917824717629635
1599917824873632963
1599917825026636227
1599917825179639491
1599917825353643203
1599917825530646979
1599917825683650243
1599917825857653955
1599917826034657731
1599917826187660995
1599917826361664707
1599917826538668483
1599917826694671811
1599917826868675523
1599917827042679235
1599917827198682563
1599917827351685827
1599917827510689219
1599917827684692931
1599917827861696707
1599917828014699971
1599917828185703619
1599917828338706883
1599917828515710659
1599917828665713859
1599917828839717571
1599917829013721283
1599917829163724483
1599917829316727747
1599917829469731011
1599917829640734659
1599917829814738371
1599917829964741571
1599917830138745283
1599917830312748995
1599917830480752579
1599917830657756355
1599917830825759939
1599917830996763587
1599917831161767107
1599917831329770691
1599917831494774211
1599917831662777795
1599917831833781443
1599917832004785091
1599917832169788611
1599917832337792195
1599917832505795779
1599917832673799363
1599917832823802563
1599917832994806211
1599917833141809347
1599917833309812931
1599917833477816515
1599917833645820099
1599917833810823619
1599917833978827203
1599917834146830787
1599917834311834307
1599917834476837827
1599917834638841283
1599917834809844931
1599917834974848451
1599917835121851587
1599917835292855235
1599917835460858819
1599917835613862083
1599917835784865731
1599917835952869315
1599917836123872963
1599917836291876547
1599917836462880195
1599917836633883843
1599917836804887491
1599917836954890691
1599917837122894275
1599917837296897987
1599917837446901187
1599917837614904771
1599917837788908483
1599917837959912131
1599917838133915843
1599917838304919491
1599917838454922691
1599917838604925891
1599917838775929539
1599917838949933251
1599917839117936835
1599917839285940419
1599917839459944131
1599917839627947715
1599917839795951299
1599917839966954947
1599917840137958595
1599917840287961795
1599917840455965379
1599917840608968643
1599917840776972227
1599917840944975811
1599917841097979075
1599917841247982275
1599917841400985539
1599917841550988739
1599917841721992387
1599917841886995907
1599917842057999555
1599917842229003203
1599917842397006787
1599917842565010371
1599917842733013955
1599917842901017539
1599917843066021059
1599917843213024195
1599917843381027779
1599917843552031427
1599917843720035011
1599917843885038531
1599917844050042051
1599917844218045635
1599917844380049091
1599917844545052611
1599917844713056195
1599917844881059779
1599917845052063427
1599917845217066947
1599917845385070531
1599917845550074051
1599917845712077507
1599917845877081027
1599917846042084547
1599917846210088131
1599917846375091651
1599917846543095235
1599917846711098819
1599917846876102339
1599917847041105859
1599917847209109443
1599917847374112963
1599917847518116035
1599917847680119491
1599917847848123075
1599917848010126531
1599917848178130115
1599917848343133635
1599917848508137155
1599917848670140611
1599917848835144131
1599917848997147587
1599917849159151043
1599917849321154499
1599917849483157955
1599917849645161411
1599917849807164867
1599917849972168387
1599917850134171843
1599917850293175235
1599917850455178691
1599917850617182147
1599917850779185603
1599917850938188995
1599917851100192451
1599917851259195843
1599917851415199171
1599917851577202627
1599917851733205955
1599917851886209219
1599917852045212611
1599917852201215939
1599917852360219331
1599917852513222595
1599917852666225859
1599917852819229123
1599917852972232387
1599917853125235651
1599917853278238915
1599917853431242179
1599917853581245379
1599917853734248643
1599917853884251843
1599917854043255235
1599917854196258499
1599917854331261379
1599917854484264643
1599917854640267971
1599917854796271299
1599917854952274627

